56974000.txt

Vazão média de longo período: 36.680 m³/s
27 anos de dados
Q7,10: 6.138

 ANO         Q7_MIN       QMAX_DIA           DIAS
1938         FALHOU         86.500            230
1939          7.963        573.000            365
1940         11.386        161.000            366
1941         18.200        129.000            365
1942         16.843        220.000            365
1943         20.457        389.000            365
1944         14.214        126.000            366
1945         19.514        186.000            365
1946         14.686        198.000            365
1947         10.283        142.000            365
1948          9.891        768.000            366
1949         19.986        420.000            365
1950         12.771        323.000            365
1951          9.506        105.000            365
1952         17.586        374.000            366
1953         13.071        188.000            365
1954          7.071        101.000            365
1955          5.250        155.000            365
1956          5.107        754.000            366
1957         11.957        191.000            365
1958         16.086        101.000            365
1959          6.286         67.000            365
1960         10.971        294.000            366
1961         10.871        317.000            365
1962         10.290        374.000            365
1963          8.816        128.000            365
1964         14.686        173.000            366
1965         20.000        228.000            366

Dados para gerar grafico TR x Q7.
      TR          Q7
   1.037      20.457
   1.077      20.000
   1.120      19.986
   1.167      19.514
   1.217      18.200
   1.273      17.586
   1.333      16.843
   1.400      16.086
   1.474      14.686
   1.556      14.686
   1.647      14.214
   1.750      13.071
   1.867      12.771
   2.000      11.957
   2.154      11.386
   2.333      10.971
   2.545      10.871
   2.800      10.290
   3.111      10.283
   3.500       9.891
   4.000       9.506
   4.667       8.816
   5.600       7.963
   7.000       7.071
   9.333       6.286
  10.000       6.138
  14.000       5.250
  28.000       5.107
